


1.22161650e-03, 4.47184064e-01, 7.45200085e-02, 2.54151820e-08,
       4.03889663e-01, 1.84914543e-05  :2
1.22161650e-03, 0.00000000e+00, 3.33333331e-08, 0.00000000e+00,
       0.00000000e+00, 0.00000000e+00 :2

1.22161650e-03, 2.61301347e-01, 7.45742340e-02, 2.57874205e-08,
       3.48780263e-01, 1.84914543e-05 :2

0.00122162, 0.        , 0.08750001, 0.        , 0.        ,
       0.  :3


1.22161650e-03, 0.00000000e+00, 2.77500006e-01, 1.00000405e-08,
       2.10548997e-03, 0.00000000e+00 : 4

1.22161650e-03, 5.15818432e-04, 5.34832777e-02, 1.46073715e-08,
       6.20680898e-02, 9.56866974e-09 :4
1.22161650e-03, 0.00000000e+00, 4.24999996e-07, 1.00000000e-02,
       2.33943330e-03, 0.00000000e+00 :4